%YAML:1.0
---
K: !!opencv-matrix
   rows: 3
   cols: 3
   dt: d
   data: [ 6.5213607293039195e+02, 0., 3.8487140038866369e+02, 0.,
       7.7200860019733068e+02, 2.4322514332057949e+02, 0., 0., 1. ]
D: !!opencv-matrix
   rows: 1
   cols: 5
   dt: d
   data: [ -1.3205621029110748e-01, 1.5604236960648767e+00,
       -1.6625813606676670e-03, -1.4197788625596283e-03,
       -6.4822239123193164e+00 ]
