%YAML:1.0
---
K1: !!opencv-matrix
   rows: 3
   cols: 3
   dt: d
   data: [ 6.5213607293039195e+02, 0., 3.8487140038866369e+02, 0.,
       7.7200860019733068e+02, 2.4322514332057949e+02, 0., 0., 1. ]
D1: !!opencv-matrix
   rows: 1
   cols: 5
   dt: d
   data: [ -1.3205621029110748e-01, 1.5604236960648767e+00,
       -1.6625813606676670e-03, -1.4197788625596283e-03,
       -6.4822239123193164e+00 ]
K2: !!opencv-matrix
   rows: 3
   cols: 3
   dt: d
   data: [ 6.5539440938791893e+02, 0., 3.3580047861476783e+02, 0.,
       7.7544413422679543e+02, 2.3555598882792918e+02, 0., 0., 1. ]
D2: !!opencv-matrix
   rows: 1
   cols: 5
   dt: d
   data: [ -2.3012865836370400e-01, 2.3372172351733522e+00,
       -1.7032735320346138e-03, -6.8971778901405479e-05,
       -6.8651418899661110e+00 ]
R: !!opencv-matrix
   rows: 3
   cols: 3
   dt: d
   data: [ 9.9993401074942700e-01, 1.8119140693992233e-03,
       -1.1344210592624178e-02, -1.7471610842969307e-03,
       9.9998214104957650e-01, 5.7153311409316064e-03,
       1.1354363685835143e-02, -5.6951338272333294e-03,
       9.9991931868325235e-01 ]
T: !!opencv-matrix
   rows: 3
   cols: 1
   dt: d
   data: [ -5.7996664276979155e+00, -4.8636703305527246e-02,
       7.6316804706035815e-02 ]
E: !!opencv-matrix
   rows: 3
   cols: 3
   dt: d
   data: [ -4.1890106655074197e-04, -7.6038449233763669e-02,
       -4.9068955042775093e-02, 1.4216329049389759e-01,
       -3.2891596966873424e-02, 5.7983327490694903e+00,
       5.8766445290302970e-02, -5.7994747262157018e+00,
       -3.3698759146066341e-02 ]
F: !!opencv-matrix
   rows: 3
   cols: 3
   dt: d
   data: [ -3.0160130306536825e-08, -4.6245670870894809e-06,
       -1.1674979786446969e-03, 8.6509027886442007e-06,
       -1.6907329257454520e-06, 2.2718105735348301e-01,
       7.4538156976501440e-04, -2.2921760959761517e-01, 1. ]
R1: !!opencv-matrix
   rows: 3
   cols: 3
   dt: d
   data: [ 9.9964825810169244e-01, 1.0271575993382803e-02,
       -2.4451069523931106e-02, -1.0201338023224336e-02,
       9.9994347794253979e-01, 2.9956005597150388e-03,
       2.4480457037969444e-02, -2.7451132562446114e-03,
       9.9969653974414785e-01 ]
R2: !!opencv-matrix
   rows: 3
   cols: 3
   dt: d
   data: [ 9.9987828135725532e-01, 8.3851000601987656e-03,
       -1.3157224898959593e-02, -8.4228359118881293e-03,
       9.9996056423150759e-01, -2.8152827578256990e-03,
       1.3133099606062352e-02, 2.9257612318092218e-03,
       9.9990947671074293e-01 ]
P1: !!opencv-matrix
   rows: 3
   cols: 4
   dt: d
   data: [ 3.5996180121331201e+02, 0., 3.9839132976531982e+02, 0., 0.,
       3.5996180121331201e+02, 2.3770000076293945e+02, 0., 0., 0., 1.,
       0. ]
P2: !!opencv-matrix
   rows: 3
   cols: 4
   dt: d
   data: [ 3.5996180121331201e+02, 0., 3.9839132976531982e+02,
       -2.0879125116276014e+03, 0., 3.5996180121331201e+02,
       2.3770000076293945e+02, 0., 0., 0., 1., 0. ]
Q: !!opencv-matrix
   rows: 4
   cols: 4
   dt: d
   data: [ 1., 0., 0., -3.9839132976531982e+02, 0., 1., 0.,
       -2.3770000076293945e+02, 0., 0., 0., 3.5996180121331201e+02, 0.,
       0., 1.7240272243625243e-01, 0. ]
