%YAML:1.0
---
K: !!opencv-matrix
   rows: 3
   cols: 3
   dt: d
   data: [ 6.2526996941205209e+02, 0., 3.6189788756139313e+02, 0.,
       7.4029864771409564e+02, 2.3390513672764445e+02, 0., 0., 1. ]
D: !!opencv-matrix
   rows: 1
   cols: 5
   dt: d
   data: [ -1.1134476385554078e-01, 1.3337604449776670e+00,
       -5.9820519021964004e-03, 1.3942804255326670e-03,
       -3.7412427308204097e+00 ]
