%YAML:1.0
---
K: !!opencv-matrix
   rows: 3
   cols: 3
   dt: d
   data: [ 6.6331631375513382e+02, 0., 3.3082435336045444e+02, 0.,
       7.8480368160368289e+02, 2.2460367959213673e+02, 0., 0., 1. ]
D: !!opencv-matrix
   rows: 1
   cols: 5
   dt: d
   data: [ -1.3810443827444910e-01, 1.3100174550624530e+00,
       -5.5079232498784448e-03, 3.9013207882616996e-03,
       -3.2509594085452438e+00 ]
