%YAML:1.0
---
K1: !!opencv-matrix
   rows: 3
   cols: 3
   dt: d
   data: [ 6.2526996941205209e+02, 0., 3.6189788756139313e+02, 0.,
       7.4029864771409564e+02, 2.3390513672764445e+02, 0., 0., 1. ]
D1: !!opencv-matrix
   rows: 1
   cols: 5
   dt: d
   data: [ -1.1134476385554078e-01, 1.3337604449776670e+00,
       -5.9820519021964004e-03, 1.3942804255326670e-03,
       -3.7412427308204097e+00 ]
K2: !!opencv-matrix
   rows: 3
   cols: 3
   dt: d
   data: [ 6.6331631375513382e+02, 0., 3.3082435336045444e+02, 0.,
       7.8480368160368289e+02, 2.2460367959213673e+02, 0., 0., 1. ]
D2: !!opencv-matrix
   rows: 1
   cols: 5
   dt: d
   data: [ -1.3810443827444910e-01, 1.3100174550624530e+00,
       -5.5079232498784448e-03, 3.9013207882616996e-03,
       -3.2509594085452438e+00 ]
R: !!opencv-matrix
   rows: 3
   cols: 3
   dt: d
   data: [ 9.9950955651961593e-01, 4.2059287094071167e-03,
       -3.1031541851027307e-02, -3.9926188303694250e-03,
       9.9996799758326793e-01, 6.9327342502731489e-03,
       3.1059707352711068e-02, -6.8054370176290589e-03,
       9.9949436246842482e-01 ]
T: !!opencv-matrix
   rows: 3
   cols: 1
   dt: d
   data: [ -5.7683625026886913e+00, -9.8951313702335938e-02,
       2.4295722595449143e+00 ]
E: !!opencv-matrix
   rows: 3
   cols: 3
   dt: d
   data: [ 6.6269571074413546e-03, -2.4288211004277707e+00,
       -1.1574485902158992e-01, 2.6075443429079610e+00,
       -2.9037619988901947e-02, 5.6900524288594383e+00,
       1.2193365642428697e-01, -5.7677617189768844e+00,
       -4.3061136122749401e-02 ]
F: !!opencv-matrix
   rows: 3
   cols: 3
   dt: d
   data: [ 8.5671458851514791e-08, -2.6520282415306270e-05,
       5.2366236579887270e-03, 2.8491371276919313e-05,
       -2.6798055465268065e-07, 2.8626275117019800e-02,
       -5.3820073358280332e-03, -3.2940692365352187e-02, 1. ]
R1: !!opencv-matrix
   rows: 3
   cols: 3
   dt: d
   data: [ 9.0890540073611170e-01, 2.2323565365713342e-02,
       -4.1640440792826733e-01, -2.1005876359103757e-02,
       9.9974934217612288e-01, 7.7463524833023449e-03,
       4.1647295911152998e-01, 1.7062379002478968e-03,
       9.0914650254021967e-01 ]
R2: !!opencv-matrix
   rows: 3
   cols: 3
   dt: d
   data: [ 9.2147519614407847e-01, 1.5807117038860487e-02,
       -3.8811544409125470e-01, -1.7031080964803540e-02,
       9.9985491964172246e-01, 2.8626808275890314e-04,
       3.8806366123666153e-01, 6.3462366142987923e-03,
       9.2161072048258685e-01 ]
P1: !!opencv-matrix
   rows: 3
   cols: 4
   dt: d
   data: [ 2.5062636535199795e+02, 0., 8.1196628761291504e+02, 0., 0.,
       2.5062636535199795e+02, 1.9472075080871582e+02, 0., 0., 0., 1.,
       0. ]
P2: !!opencv-matrix
   rows: 3
   cols: 4
   dt: d
   data: [ 2.5062636535199795e+02, 0., 8.1196628761291504e+02,
       -1.5689014030233061e+03, 0., 2.5062636535199795e+02,
       1.9472075080871582e+02, 0., 0., 0., 1., 0. ]
Q: !!opencv-matrix
   rows: 4
   cols: 4
   dt: d
   data: [ 1., 0., 0., -8.1196628761291504e+02, 0., 1., 0.,
       -1.9472075080871582e+02, 0., 0., 0., 2.5062636535199795e+02, 0.,
       0., 1.5974640909176041e-01, 0. ]
