%YAML:1.0
---
K: !!opencv-matrix
   rows: 3
   cols: 3
   dt: d
   data: [ 6.5539440938791893e+02, 0., 3.3580047861476783e+02, 0.,
       7.7544413422679543e+02, 2.3555598882792918e+02, 0., 0., 1. ]
D: !!opencv-matrix
   rows: 1
   cols: 5
   dt: d
   data: [ -2.3012865836370400e-01, 2.3372172351733522e+00,
       -1.7032735320346138e-03, -6.8971778901405479e-05,
       -6.8651418899661110e+00 ]
